0,62,44,41,68,22,57,56,29,43
62,0,6,4,40,58,70,10,43,35
44,6,0,1,25,13,59,24,40,13
41,4,1,0,45,20,49,52,56,34
68,40,25,45,0,7,17,68,12,62
22,58,13,20,7,0,40,74,6,33
57,70,59,49,17,40,0,8,72,1
56,10,24,52,68,74,8,0,58,61
29,43,40,56,12,6,72,58,0,65
43,35,13,34,62,33,1,61,65,0
